A1_raw<-c(63.4,12.23,72.47,15.81,63.85,21.35,58.18,11.28,73.24,6.55,74.62,12.11,69.01,15.18,38.52,3.97,85.97,3.23,87.33,8,88.89,6.37,73.6,7.36,58.26,12.99,63.31,23.27,65.27,20.57,51.07,9.38,88.58,3.96,86.51,7.8,87.53,6.96,81.11,4.72,64.49,13.23,68.11,18.85,57.97,27.27,42.86,14.75,62.03,14.26,68.74,18.52,62.24,22.23,37.36,12.86,85.36,5.53,80.13,13.2,83.15,9.44,82.28,5.51,71.75,9,78.03,12.49,70.83,16.83,49.8,8.34,84.24,5.73,83.01,8.1,82.68,8.01,74.02,6.37,78.17,5.93,81.52,9.79,76.8,11.66,62.94,4.77,56.45,9.92,66.76,24.03,68.26,20.22,47.53,6.87,57.51,11.62,72.52,16.1,68.97,19.33,44.35,13.32,70.74,6,85.03,7.86,81.47,9.81,48.45,5.68,60.64,10.62,78.84,13.02,74.63,14.16,28.77,7.75,76.48,10.23,77.3,13.54,73.45,14.85,64.19,7.96,76.67,5.21,79.8,10.73,75.53,11.02,67.06,4.99,75.33,5.32,81.77,12.48,79.57,11.91,51.65,6.25,49.31,4.54,78.17,9.57,69.15,13.33,43.86,4.39,72.32,7.7,80.1,9.78,71.74,14.99,50.11,7.21,49.45,8.99,70.79,18.03,66.12,19.89,36.57,10.9,78.36,5.73,81.04,10.56,78.4,11.59,64.63,7.64,63.81,10.97,77.63,13.95,70.44,17.58,46.38,8.29,68.88,7.81,74.6,17.67,75.36,13.53,40.83,5.42,62.68,7.24,79.57,12.14,73.25,14.28,44.87,7.31,50.23,7.62,75.51,14.69,57.71,21.43,30.9,7.53,72.38,5.18,81.44,11.76,80.35,9.9,50.43,5.58,84.21,4.52,85.12,9.27,83.72,8.38,80.58,5.93,83.93,4.03,84.75,6.68,84.14,8.2,70.53,5.14,57.69,13.45,54.55,37.83,48.18,42.69,59.56,20.16,61.76,10.16,70.86,16.52,64.86,19.39,42.89,7.45,83.38,3.79,89.13,6.08,86.61,6.55,66.78,5.01,70.85,9.51,74.66,14.99,72.39,16.06,59.82,8.88,69.33,12.98,67.43,18.55,61.59,21.12,47.94,13.39,66.21,11.7,72.6,16.08,65.9,19.66,41,10.56,69.13,8.39,75.13,16.98,74.63,16.52,62.18,4.28,66.13,3.81,83.08,9.98,86.06,6.42,53.04,4.05,70.08,10.39,76.97,13.57,69.57,17.11,51.9,10.24,76.27,7.34,76.15,13.42,75.76,12.78,61.39,7.04,80.45,3.81,86.43,8.79,81.94,8.64,59.07,4.45,67.35,10.46,70.54,14.98,66.54,16.86,57.89,11.35,80.15,6.49,82.04,11.58,78.22,13.41,74.79,6.9,81.99,4.19,85.07,8.33,85.49,8.21,55.65,6.69,69.2,8.08,77.78,12.22,69.06,16.55,52.16,7.16,87.25,2.73,85.22,6.89,81.58,6.99,70.03,5.82,79.76,4.24,85.8,8.08,82.54,6.39,84.46,4,65.69,9.34,68.34,16.56,67.29,13.93,47.07,7.81,67.66,10,71.48,17.74,66.79,17.99,47.65,9.17,44.91,10.56,61.47,28.09,63.66,21.86,29.23,8.28,72.64,5.82,85.62,8.56,76.85,11.79,50.16,7.8,77.57,5.31,84.41,9.57,81.55,10.3,53.72,6.3,66.41,7.99,81.63,10.49,77.75,10.12,54.92,4.97,86.38,3.99,86.24,5.57,84.43,7.88,80.48,6.87,86.15,3.07,84,7.16,80.56,9.11,78.16,4.08,81.6,5.33,84.31,8.58,80.46,9.98,72.92,6.02,47.24,3.61,79.41,14.96,68.78,12.87,31.49,4.28,75.94,4.01,80.55,13.19,87.48,6.91,63.87,3.2,70.35,9.36,79.38,12.14,72.39,16.14,57.56,7.99,75.37,7.42,75.07,14.91,76.88,12.53,54.54,8.17,77.47,7.31,82.1,10.6,78.64,12.5,63.93,5.8,75.95,10.24,82.59,9.16,71.69,15.42,63.46,8.86,56.11,15.96,63.56,25.46,63.3,23.3,47.08,13,61.05,6.39,79.21,15.24,74.03,16,42.31,7.17,89.49,2.8,88.56,5.5,84.69,7.17,64.74,4.94,58.28,10.78,64.36,22.66,66.7,16.71,45.91,8.24,71.72,9.2,81.05,12.02,82.46,7.86,58.68,3.9,61.54,8.66,72.86,14,72.8,14.51,48.38,8.1,81.79,4.31,81.6,10.72,81.09,10.57,51.15,4.88,63.2,5.09,75.71,14.24,72.93,10.24,48.27,6.47,81.84,5.55,84.79,9.46,83.01,10.68,74.01,5.18,79.33,4.42,88.09,7.09,81.67,10.15,59.79,6.46,57.11,11.14,70.14,20.29,66.28,18.27,42.11,9.6,34.76,8.09,57.52,21.69,61.73,12.3,38.08,8.27,67.63,7.23,81.28,10.93,78.59,13.14,51.91,5.45,68.88,7.85,72.38,16.65,72.76,14.72,63.1,6,69.65,6.61,72.08,19.08,77.81,11.28,63.4,8.48,67.57,10.44,78.85,10.46,70.82,11.72,52.45,8.9,66.74,6.61,76.95,12.07,75.72,10.32,52.18,7.41,68.03,4.45,78.99,15.88,82.02,7.83,47.58,5.28,66.34,7.8,78.39,12.46,73.4,10.81,50.12,11.22,58.61,20.99,73.95,15.28,52.77,29.69,45.67,23.96)

A1_matrix<-matrix(data=A1_raw,nrow=8,ncol=81)
A1_matrix=t(A1_matrix)
A1_names<-c("SGK_S","SGK_NS","Health_S","Health_NS","Education_S","Education_NS","Judicial_S","Judicial_NS")
A1_df<-as.data.frame(A1_matrix)
names(A1_df)<-A1_names

A2_raw<-c(76.61,12.89,71.29,15.64,82.75,3.79,70.34,15.85,91.15,5.13,94.22,3.41,76.91,10.23,66.3,18.2,92.29,4.58,91.79,3.63,71.55,17.15,71.24,16.77,75.97,13.57,67.11,18.03,94.86,3.49,80.85,11.38,82.23,8.61,82.28,7.59,88.73,5.78,88.82,5.15,89.91,4.53,85.69,7.64,84.12,8.59,64.54,22.74,85.74,5.54,65.18,24.31,90.09,4.78,83.14,7.89,87.15,7.32,81.32,6.7,82.79,10.31,83.35,9.44,87.05,5.38,82.31,6.07,91.5,4.94,76.89,12.81,83.84,5.53,77.7,7.83,83.83,7.19,77.85,11.63,73.91,14.73,67.03,14.94,88.31,6.21,81.8,10.3,83.63,8.76,76.58,14.13,89.72,5.79,81.92,9.39,85.61,6.81,79.16,11.54,77.23,10.06,73.07,17.64,86.58,7.83,85.81,5.73,90.93,5.41,81.83,7.4,88.39,6.45,82.69,10.12,61.79,26.27,50.15,36.7,79.31,10.99,74.99,12.81,92,3.75,86.22,3.69,82.11,10.08,81.49,9.31,68.51,17.9,68.88,17.9,76.54,13.17,76.66,11.21,87.74,5.2,73.53,17.15,92.75,3.89,84.63,7.2,84.16,8.32,79.23,9.93,85.12,7.3,84.75,8.03,91.7,3.54,84.77,6.47,74.29,11.82,73.44,13.99,87.15,7.05,87.85,6.76,91.23,5.34,88.96,4.77,86.24,6.74,76.32,13.72,88.18,4.91,91.08,2.67,88.98,4.24,84.16,7.88,75.22,8.72,64.94,13.54,79.77,10.94,76.03,11.19,78.03,11.09,55.91,32.26,85.45,8.35,82.91,7.84,89.74,5.6,88.53,4.8,88.55,5.48,81.75,10.26,90.66,5.14,81.5,8.75,89.42,3.95,88.67,4.69,87.74,5.8,86.22,7.29,86.92,5.17,66.98,12.82,93.68,3.23,91.04,5.06,87.61,6.49,81.74,8.94,83.81,7.94,77.77,12.31,88.05,6.14,81.56,7.88,83.02,8.83,80.19,10.07,78.18,13.12,68.24,21.16,86.02,8.75,73.45,12.26,92.41,3.91,93.59,2.64,75.74,10.68,70.46,17.33,89.21,5.28,81.53,8.51,82.71,7.79,74.23,15.6,89.56,4.94,80.89,9.18,82.59,4.88,76.72,11.24,90.29,5.58,87.1,7.27,90.28,5.46,88.3,4.94,70.9,15.81,70.07,16.12,58.88,14.36,54.17,12.43,91.26,3.91,80.47,11.93,84.12,5.61,75.8,13.41,85.05,6.43,75.56,13.37,80.55,9.61,77.17,11.17,86.9,6.89,83.32,9.33,86.15,9.49,79.83,8.45,85.26,6.76,79.16,8.19,68.2,18.09,63.36,23.92
)
A2_matrix<-matrix(data=A2_raw,nrow=4,ncol=81)
A2_matrix=t(A2_matrix)
A2_names<-c("Public_Sec_S","Public_Sec_NS","Transportation_S","Transportation_S")
A2_df<-as.data.frame(A2_matrix)
names(A2_df)<-A2_names


A_df<-cbind(A1_df,A2_df)

